48,4
48,3
48,2
48,1
48,0
47,3
47,2
47,1
47,0
46,4
46,3
46,2
46,1
46,0
45,3
45,2
45,1
45,0
44,9
44,8
44,7
44,6
44,5
44,3
44,2
44,1
44,0
43,3
43,2
43,1
43,0
42,3
42,2
42,1
42,0
41,3
41,2
41,1
41,0
40,3
40,2
40,1
40,0
39,4
39,3
39,2
39,1
39,0
32,6
32,5
32,4
31,9
31,8
29,6
29,5
29,4
7,3
1,45
3,44
2,44
1,44
3,43
2,43
1,43
3,42
2,42
1,42
3,41
2,41
1,41
3,40
2,40
1,40
3,39
2,39
1,39
3,38
2,38
1,38
3,37
2,37
1,37
3,36
2,36
1,29
2,24
3,14
1,11
1,3
0,6
0,49
37,4
37,3
37,2
37,1
36,7
36,6
36,5
36,4
36,3
36,2
36,1
35,4
35,3
35,2
35,1
34,15
34,14
34,13
34,12
34,11
34,10
34,9
34,8
34,7
34,6
34,5
34,4
34,3
34,2
34,1
33,9
33,8
33,7
33,6
33,5
33,3
33,2
33,1
32,3
32,2
32,1
31,7
31,6
31,5
31,4
31,3
31,2
31,1
30,3
30,2
30,1
29,3
29,2
29,1
28,4
28,3
28,2
28,1
5,3
4,3
3,35
3,34
3,33
3,32
3,31
3,30
3,29
3,28
3,27
3,26
3,25
3,24
3,23
3,22
3,21
3,20
3,19
3,18
3,17
3,16
3,15
3,13
3,12
3,11
3,10
3,9
3,8
3,7
3,6
3,5
3,4
3,3
3,2
3,0
2,35
2,34
2,33
2,32
2,31
2,30
2,29
2,28
2,27
2,26
2,25
2,23
2,22
2,21
2,20
2,19
2,18
2,17
2,16
2,15
2,14
2,13
2,12
2,11
2,10
2,9
2,8
2,7
2,6
2,5
2,4
2,3
2,2
2,0
1,36
1,35
1,34
1,33
1,32
1,31
1,30
1,28
1,27
1,26
1,25
1,24
1,23
1,22
1,21
1,20
1,19
1,18
1,17
1,16
1,15
1,14
1,13
1,12
1,10
1,9
1,8
1,7
1,6
1,5
1,4
1,2
1,0
0,48
0,47
0,46
0,45
0,12
0,11
0,10
0,9
0,8
0,5
0,7
0,4
0,3
37,0
36,0
35,0
34,0
33,0
32,0
31,0
30,0
29,0
28,0
